----- SVM with slack variable C=0.1-----
training error: 0.125
testing_error: 0.23333333333333334
w_of_setosa: -0.14732687,0.35061427,-0.7191508,-0.3419995
b_of_setosa: 1.89430666
support_vector_indices_of_setosa: 40,44,59,73,78,10,13,14,15,31,34
slack_variable_of_setosa: 0.0,0.0,0.0,0.0,0.0,0.0,0.0,0.0,0.0,0.0,0.00012619,0.0,0.0,0.09358941,0.05556023,0.00952607,0.0,0.0,0.0,0.0,0.0,0.0,0.0,0.0,0.0,0.0,0.0,0.0,0.0,0.0,0.0,0.0,0.0,0.0,0.02791248,0.0,0.0,0.0,0.0,0.0,0.0,0.0,0.0,0.0,0.05251533,0.0,0.0,0.0,0.0,0.0,0.0,0.0,0.0,0.0,0.0,0.0,0.0,0.0,0.0,0.10711329,0.0,0.0,0.0,0.0,0.0,0.0,0.0,0.0,0.0,0.0,0.0,0.0,0.0,0.24888798,0.0,0.0,0.0,0.0,0.48582344,0.0,0.0,0.0,0.0,0.0,0.0,0.0,0.0,0.0,0.0,0.0,0.0,0.0,0.0,0.0,0.0,0.0,0.0,0.0,0.0,0.0,0.0,0.0,0.0,0.0,0.0,0.0,0.0,0.0,0.0,0.0,0.0,0.0,0.0,0.0,0.0,0.0,0.0,0.0,0.0,0.0
w_of_versicolor: -0.15533517,-0.58614184,0.18867405,-0.26726425
b_of_versicolor: 1.43323294
support_vector_indices_of_versicolor: 2,3,14,15,19,20,24,27,28,31,32,35,37,81,82,83,84,86,88,89,91,92,93,95,96,97,98,99,100,102,103,104,105,107,108,109,112,113,115,116,117,119,40,41,42,43,44,45,46,47,48,49,50,51,52,53,54,55,56,57,58,59,60,61,62,63,64,65,66,67,68,69,70,71,72,73,74,75,76,77,78,79
slack_variable_of_versicolor: 0.0,0.0,0.16661586,0.18768123,0.0,0.0,0.0,0.0,0.0,0.0,0.0,0.0,0.0,0.0,0.0,0.14655721,0.0,0.0,0.0,0.07592939,0.11901006,0.0,0.0,0.0,0.11133556,0.0,0.0,0.11133556,0.18315609,0.0,0.0,0.55119544,0.06592773,0.0,0.0,0.11316301,0.0,0.0537281,0.0,0.0,1.12263165,1.85013543,1.30085816,1.70152483,1.80467228,1.96855651,1.74693266,1.54399464,1.37122029,1.46016048,1.93433864,1.74825606,1.48712674,1.5894578,1.79686858,1.89440881,1.73277786,1.87691717,1.75045255,1.58305137,1.40488018,1.39702116,1.6351823,1.54674617,1.71586563,2.07024989,1.93868072,1.41078255,1.76894944,1.4792124,1.43563054,1.77900642,1.55770071,1.33620901,1.57423948,1.73888912,1.70700136,1.76580154,1.55229954,1.66725458,0.0,0.3486753,0.09498064,0.49130964,0.21189528,0.0,0.22176046,0.0,0.40032655,0.75418377,0.0,0.3121332,0.32554264,0.31546562,0.0,0.0901345,0.25351754,0.1706901,0.29321048,0.22308091,0.28566519,0.0,0.26648405,0.37476552,0.64412437,0.01493057,0.0,0.17867979,0.16735621,0.00196553,0.0,0.0,0.40414159,0.0,0.0,0.00045909,0.42483497,0.1117054,0.0,0.23949194
w_of_virginica: 0.09176466,-0.08722691,1.10554618,0.89899156
b_of_virginica: -7.22085746
support_vector_indices_of_virginica: 41,43,45,46,48,50,52,53,54,55,56,57,58,63,64,65,66,67,70,71,77,80,81,83,84,86,89,91,93,96,97,103,104,107,108,109,111,112,115,116,117,119
slack_variable_of_virginica: 0.0,0.0,0.0,0.0,0.0,0.0,0.0,0.0,0.0,0.0,0.0,0.0,0.0,0.0,0.0,0.0,0.0,0.0,0.0,0.0,0.0,0.0,0.0,0.0,0.0,0.0,0.0,0.0,0.0,0.0,0.0,0.0,0.0,0.0,0.0,0.0,0.0,0.0,0.0,0.0,0.0,0.0506546,0.0,0.54060416,0.0,0.24655372,0.35478906,0.0,0.47962938,0.0,0.9662344,0.0,0.90485625,0.36952854,0.03601593,0.24609994,0.72411673,1.18830159,0.40021761,0.0,0.0,0.0,0.0,1.17088986,0.33643613,0.44650332,0.66811673,0.18973023,0.0,0.0,0.00025127,0.42132685,0.0,0.0,0.0,0.0,0.0,0.017663,0.0,0.0,0.46724464,0.30159757,0.0,0.59015214,0.13699251,0.0,0.1873791,0.0,0.0,0.98595046,0.0,0.7360513,0.0,0.84289166,0.0,0.0,0.97134544,0.88741267,0.0,0.0,0.0,0.0,0.0,0.90020259,0.4382362,0.0,0.0,0.20527825,1.00714375,0.00025307,0.0,0.15211861,0.5777656,0.0,0.0,0.05119424,0.62499251,0.33924464,0.0,0.68465636
----- SVM with slack variable C=0.2-----
training error: 0.058333333333333334
testing_error: 0.16666666666666666
w_of_setosa: -0.15467701,0.39234239,-0.76543067,-0.35448967
b_of_setosa: 1.8947325
support_vector_indices_of_setosa: 59,73,78,13,14,31,34
slack_variable_of_setosa: 0.0,0.0,0.0,0.0,0.0,0.0,0.0,0.0,0.0,0.0,0.0,0.0,0.0,0.07786734,0.03896923,0.0,0.0,0.0,0.0,0.0,0.0,0.0,0.0,0.0,0.0,0.0,0.0,0.0,0.0,0.0,0.0,0.00033332,0.0,0.0,0.0,0.0,0.0,0.0,0.0,0.0,0.0,0.0,0.0,0.0,0.0,0.0,0.0,0.0,0.0,0.0,0.0,0.0,0.0,0.0,0.0,0.0,0.0,0.0,0.0,0.0,0.0,0.0,0.0,0.0,0.0,0.0,0.0,0.0,0.0,0.0,0.0,0.0,0.0,0.14332406,0.0,0.0,0.0,0.0,0.40050507,0.0,0.0,0.0,0.0,0.0,0.0,0.0,0.0,0.0,0.0,0.0,0.0,0.0,0.0,0.0,0.0,0.0,0.0,0.0,0.0,0.0,0.0,0.0,0.0,0.0,0.0,0.0,0.0,0.0,0.0,0.0,0.0,0.0,0.0,0.0,0.0,0.0,0.0,0.0,0.0,0.0
w_of_versicolor: -0.31105228,-1.17168114,0.37792789,-0.53521171
b_of_versicolor: 3.86544837
support_vector_indices_of_versicolor: 2,3,14,15,19,20,24,27,28,31,32,35,37,81,82,83,84,86,88,89,91,92,93,95,96,97,98,99,100,102,103,104,105,107,108,109,112,113,115,116,117,119,40,41,42,43,44,45,46,47,48,49,50,51,52,53,54,55,56,57,58,59,60,61,62,63,64,65,66,67,68,69,70,71,72,73,74,75,76,77,78,79
slack_variable_of_versicolor: 0.0,0.0,0.33293186,0.37507963,0.0,0.0,0.0,0.0,0.0,0.0,0.0,0.0,0.0,0.0,0.0,0.29278581,0.0,0.0,0.0,0.15176527,0.23782815,0.0,0.0,0.0,0.22245131,0.0,0.0,0.22245131,0.36603881,0.0,0.0,1.10158921,0.13170258,0.0,0.0,0.22588952,0.0,0.10728492,0.0,0.0,0.24563943,1.70032396,0.602064,1.40288119,1.60955455,1.93722715,1.49362991,1.08790132,0.74291637,0.92046139,1.86846697,1.49674142,0.97435478,1.17867073,1.59384686,1.78895381,1.46565688,1.75386582,1.50088271,1.16638471,0.80998083,0.79425245,1.27052924,1.09331092,1.43141945,2.14024445,1.87736996,0.82194016,1.53775872,0.95860571,0.8710815,1.55784209,1.11556834,0.67272935,1.14846159,1.47754999,1.41390305,1.5316364,1.10507035,1.33452772,0.0,0.69729023,0.18990821,0.98246352,0.42356205,0.0,0.44378741,0.0,0.80069032,1.50825803,0.0,0.62427162,0.65133202,0.63074548,0.0,0.18067853,0.5068898,0.34145159,0.58645814,0.44647152,0.57141215,0.0,0.53293697,0.74972646,1.28875826,0.02967555,0.0,0.35772453,0.33476403,0.00384208,0.0,0.0,0.80833603,0.0,0.0,0.00059273,0.84935332,0.2233667,0.0,0.47924763
w_of_virginica: -0.07164497,-0.24,1.37603157,1.1621933
b_of_virginica: -7.45759119
support_vector_indices_of_virginica: 43,45,46,48,50,52,53,55,56,57,58,63,64,65,66,67,71,80,81,83,89,91,93,96,97,103,104,107,108,111,112,116,117,119
slack_variable_of_virginica: 0.0,0.0,0.0,0.0,0.0,0.0,0.0,0.0,0.0,0.0,0.0,0.0,0.0,0.0,0.0,0.0,0.0,0.0,0.0,0.0,0.0,0.0,0.0,0.0,0.0,0.0,0.0,0.0,0.0,0.0,0.0,0.0,0.0,0.0,0.0,0.0,0.0,0.0,0.0,0.0,0.0,0.0,0.0,0.50379346,0.0,0.0,0.35662897,0.0,0.50564198,0.0,1.04860293,0.0,0.97689011,0.2953548,0.0,0.03116151,0.61524514,1.19827394,0.35197098,0.0,0.0,0.0,0.0,1.34180925,0.37095796,0.34819031,0.52902581,0.10443567,0.0,0.0,0.0,0.34219031,0.0,0.0,0.0,0.0,0.0,0.0,0.0,0.0,0.34913592,0.06298444,0.0,0.2614231,0.0,0.0,0.0,0.0,0.0,0.79201324,0.0,0.46386176,0.0,0.7224519,0.0,0.0,0.87689056,0.7801229,0.0,0.0,0.0,0.0,0.0,0.81990357,0.18577813,0.0,0.0,0.0,0.91056156,0.0,0.0,0.00513592,0.29520377,0.0,0.0,0.0,0.42062941,0.16353276,0.0,0.4905876
----- SVM with slack variable C=0.3-----
training error: 0.05
testing_error: 0.13333333333333333
w_of_setosa: -0.08447998,0.44581505,-0.8401827,-0.39556637
b_of_setosa: 1.56536027
support_vector_indices_of_setosa: 73,78,13,14,31
slack_variable_of_setosa: 0.0,0.0,0.0,0.0,0.0,0.0,0.0,0.0,0.0,0.0,0.0,0.0,0.0,0.02039173,0.0,0.0,0.0,0.0,0.0,0.0,0.0,0.0,0.0,0.0,0.0,0.0,0.0,0.0,0.0,0.0,0.0,0.00033244,0.0,0.0,0.0,0.0,0.0,0.0,0.0,0.0,0.0,0.0,0.0,0.0,0.0,0.0,0.0,0.0,0.0,0.0,0.0,0.0,0.0,0.0,0.0,0.0,0.0,0.0,0.0,0.0,0.0,0.0,0.0,0.0,0.0,0.0,0.0,0.0,0.0,0.0,0.0,0.0,0.0,0.00016572,0.0,0.0,0.0,0.0,0.2933789,0.0,0.0,0.0,0.0,0.0,0.0,0.0,0.0,0.0,0.0,0.0,0.0,0.0,0.0,0.0,0.0,0.0,0.0,0.0,0.0,0.0,0.0,0.0,0.0,0.0,0.0,0.0,0.0,0.0,0.0,0.0,0.0,0.0,0.0,0.0,0.0,0.0,0.0,0.0,0.0,0.0
w_of_versicolor: -0.27866492,-1.41,0.4881854,-0.75418015
b_of_versicolor: 4.26123751
support_vector_indices_of_versicolor: 2,3,15,19,20,24,27,28,31,32,35,37,81,82,83,84,86,88,89,91,92,93,95,96,97,98,99,100,102,103,104,105,107,108,109,112,113,116,117,119,41,42,43,44,45,46,47,48,49,50,51,52,53,54,55,56,57,58,59,60,61,62,63,64,65,66,67,68,69,70,71,72,73,74,75,76,77,78,79
slack_variable_of_versicolor: 0.0,0.0,0.30168746,0.2945643,0.0,0.0,0.0,0.0,0.0,0.0,0.0,0.0,0.0,0.0,0.0,0.26817355,0.0,0.0,0.0,0.06977302,0.18290653,0.0,0.0,0.0,0.18163951,0.0,0.0,0.18163951,0.28891688,0.0,0.0,1.17263237,0.00691688,0.0,0.0,0.15085144,0.0,2.43e-06,0.0,0.0,0.0,1.69377703,0.31419053,1.2889993,1.61125276,1.88465386,1.46372193,0.914639,0.50292088,0.74996111,1.90911983,1.41431106,0.75851321,0.99716327,1.49245492,1.71578737,1.2942462,1.67699667,1.4341879,1.03868375,0.62991316,0.60331369,1.16311211,0.93469467,1.40798895,2.21460591,1.81361626,0.56976988,1.50816006,0.82411211,0.69441994,1.47881784,0.97329357,0.51825539,1.03634152,1.41179,1.34620801,1.43672193,1.04999552,1.25402655,0.0,0.8252224,0.23755748,1.0804142,0.37669419,0.0,0.547411,0.0,1.08338259,1.7969048,0.0,0.63646215,0.92999955,0.73323274,0.0,0.31443826,0.57128069,0.36596573,0.67984199,0.64963721,0.7961058,0.0,0.60442397,0.91612387,1.57336757,0.12883427,0.0,0.43427749,0.34501368,0.01987245,0.0,0.0,0.89478427,0.0,0.0,0.0,0.98863327,0.25011935,0.0,0.51933579
w_of_virginica: -0.12864428,-0.42231489,1.52634679,1.34681045
b_of_virginica: -7.68506986
support_vector_indices_of_virginica: 43,46,48,50,52,53,56,57,58,63,64,65,66,67,71,80,81,83,89,91,93,96,97,103,104,108,111,112,116,117,119
slack_variable_of_virginica: 0.0,0.0,0.0,0.0,0.0,0.0,0.0,0.0,0.0,0.0,0.0,0.0,0.0,0.0,0.0,0.0,0.0,0.0,0.0,0.0,0.0,0.0,0.0,0.0,0.0,0.0,0.0,0.0,0.0,0.0,0.0,0.0,0.0,0.0,0.0,0.0,0.0,0.0,0.0,0.0,0.0,0.0,0.0,0.36485139,0.0,0.0,0.21635373,0.0,0.47701907,0.0,0.95524464,0.0,0.94799889,0.13772079,0.0,0.0,0.46966656,1.1073805,0.20712751,0.0,0.0,0.0,0.0,1.3420796,0.24208259,0.13065111,0.33788289,0.0,0.0,0.0,0.0,0.16998522,0.0,0.0,0.0,0.0,0.0,0.0,0.0,0.0,0.3946758,6.562e-05,0.0,0.14877464,0.0,0.0,0.0,0.0,0.0,0.73407868,0.0,0.41523935,0.0,0.73242095,0.0,0.0,0.91442269,0.83338656,0.0,0.0,0.0,0.0,0.0,0.87342622,0.13474203,0.0,0.0,0.0,0.97315681,0.0,0.0,0.0,0.22814841,0.0,0.0,0.0,0.36064225,0.15757815,0.0,0.50238835
----- SVM with slack variable C=0.4-----
training error: 0.05
testing_error: 0.1
w_of_setosa: -0.06481913,0.44431529,-0.84708487,-0.38951401
b_of_setosa: 1.48757148
support_vector_indices_of_setosa: 73,78,13,14,31
slack_variable_of_setosa: 0.0,0.0,0.0,0.0,0.0,0.0,0.0,0.0,0.0,0.0,0.0,0.0,0.0,0.01156694,0.00025244,0.0,0.0,0.0,0.0,0.0,0.0,0.0,0.0,0.0,0.0,0.0,0.0,0.0,0.0,0.0,0.0,0.000254,0.0,0.0,0.0,0.0,0.0,0.0,0.0,0.0,0.0,0.0,0.0,0.0,0.0,0.0,0.0,0.0,0.0,0.0,0.0,0.0,0.0,0.0,0.0,0.0,0.0,0.0,0.0,0.0,0.0,0.0,0.0,0.0,0.0,0.0,0.0,0.0,0.0,0.0,0.0,0.0,0.0,0.00050688,0.0,0.0,0.0,0.0,0.29806209,0.0,0.0,0.0,0.0,0.0,0.0,0.0,0.0,0.0,0.0,0.0,0.0,0.0,0.0,0.0,0.0,0.0,0.0,0.0,0.0,0.0,0.0,0.0,0.0,0.0,0.0,0.0,0.0,0.0,0.0,0.0,0.0,0.0,0.0,0.0,0.0,0.0,0.0,0.0,0.0,0.0
w_of_versicolor: -0.39015834,-1.66801337,0.62270967,-0.9260459
b_of_versicolor: 5.44552663
support_vector_indices_of_versicolor: 2,3,15,19,20,24,27,28,31,32,35,37,81,82,83,84,86,88,89,91,92,93,95,96,97,98,99,100,102,103,104,105,107,108,109,112,116,117,119,41,42,43,44,45,46,47,48,49,50,51,52,53,54,55,56,57,58,59,60,61,62,63,64,65,66,67,68,69,70,71,72,73,74,75,76,77,78,79
slack_variable_of_versicolor: 0.0,0.0,0.34791542,0.35618169,0.0,0.0,0.0,0.0,0.0,0.0,0.0,0.0,0.0,0.0,0.0,0.3018211,0.0,0.0,0.0,0.08526593,0.21305143,0.0,0.0,0.0,0.20436922,0.0,0.0,0.20436922,0.3491032,0.0,0.0,1.38509214,0.01550053,0.0,0.0,0.16270624,0.0,0.0,0.0,0.0,0.0,1.63413593,0.00026005,1.14140684,1.53870371,1.89591742,1.33027553,0.6939641,0.22995983,0.49947628,1.87192657,1.31789768,0.52029581,0.78939632,1.41493362,1.69010025,1.18544537,1.63330405,1.31953753,0.86177273,0.35593008,0.32559646,1.00371522,0.70491364,1.25224386,2.2461488,1.80170911,0.31283879,1.39415022,0.58339866,0.40851154,1.37047914,0.77464291,0.21279982,0.83147524,1.27829049,1.20409375,1.33690195,0.86483582,1.09956338,0.0,0.98575119,0.26861659,1.31304721,0.46547997,0.0,0.66347787,0.0,1.2712638,2.15942667,0.0,0.78938806,1.09093296,0.86828774,0.0,0.36811919,0.67823127,0.4459154,0.82055357,0.76238911,0.92695925,0.0,0.72794898,1.10384211,1.91943588,0.10589071,0.0,0.53569236,0.42266027,0.00052846,0.0,0.0,1.09530426,0.0,0.0,0.0,1.1715568,0.29145578,0.0,0.648489
w_of_virginica: -0.18089994,-0.48747915,1.76397307,1.56212238
b_of_virginica: -8.69434163
support_vector_indices_of_virginica: 43,46,48,50,52,53,56,57,58,63,64,65,66,71,80,83,89,91,93,96,97,103,104,108,112,116,117,119
slack_variable_of_virginica: 0.0,0.0,0.0,0.0,0.0,0.0,0.0,0.0,0.0,0.0,0.0,0.0,0.0,0.0,0.0,0.0,0.0,0.0,0.0,0.0,0.0,0.0,0.0,0.0,0.0,0.0,0.0,0.0,0.0,0.0,0.0,0.0,0.0,0.0,0.0,0.0,0.0,0.0,0.0,0.0,0.0,0.0,0.0,0.26612398,0.0,0.0,0.11124366,0.0,0.39268701,0.0,0.95730648,0.0,0.9339425,0.00244742,0.0,0.0,0.36463925,1.10666474,0.0876316,0.0,0.0,0.0,0.0,1.39972351,0.14742365,0.00010426,0.21630043,0.0,0.0,0.0,0.0,0.04097876,0.0,0.0,0.0,0.0,0.0,0.0,0.0,0.0,0.30961708,0.0,0.0,5.903e-05,0.0,0.0,0.0,0.0,0.0,0.68914646,0.0,0.30461009,0.0,0.69491661,0.0,0.0,0.90197184,0.80498037,0.0,0.0,0.0,0.0,0.0,0.85950663,5.651e-05,0.0,0.0,0.0,0.96328768,0.0,0.0,0.0,0.09545979,0.0,0.0,0.0,0.26481124,0.03572395,0.0,0.41600577
----- SVM with slack variable C=0.5-----
training error: 0.05
testing_error: 0.1
w_of_setosa: -0.04521496,0.44331947,-0.85448863,-0.38377924
b_of_setosa: 1.40995451
support_vector_indices_of_setosa: 73,78,13,14,31
slack_variable_of_setosa: 0.0,0.0,0.0,0.0,0.0,0.0,0.0,0.0,0.0,0.0,0.0,0.0,0.0,0.0022078,7.533e-05,0.0,0.0,0.0,0.0,0.0,0.0,0.0,0.0,0.0,0.0,0.0,0.0,0.0,0.0,0.0,0.0,0.0,0.0,0.0,0.0,0.0,0.0,0.0,0.0,0.0,0.0,0.0,0.0,0.0,0.0,0.0,0.0,0.0,0.0,0.0,0.0,0.0,0.0,0.0,0.0,0.0,0.0,0.0,0.0,0.0,0.0,0.0,0.0,0.0,0.0,0.0,0.0,0.0,0.0,0.0,0.0,0.0,0.0,0.0,0.0,0.0,0.0,0.0,0.30203386,0.0,0.0,0.0,0.0,0.0,0.0,0.0,0.0,0.0,0.0,0.0,0.0,0.0,0.0,0.0,0.0,0.0,0.0,0.0,0.0,0.0,0.0,0.0,0.0,0.0,0.0,0.0,0.0,0.0,0.0,0.0,0.0,0.0,0.0,0.0,0.0,0.0,0.0,0.0,0.0,0.0
w_of_versicolor: -0.43423162,-1.86394956,0.71669701,-1.08087548
b_of_versicolor: 6.17448947
support_vector_indices_of_versicolor: 2,3,15,19,20,24,27,28,31,32,35,37,81,82,83,84,86,88,89,91,92,93,95,96,97,98,99,100,102,103,104,105,107,108,109,112,113,116,117,119,41,43,44,45,46,47,48,49,50,51,52,53,54,55,56,57,58,59,60,61,62,63,64,65,66,67,68,69,70,71,72,73,74,75,76,77,78,79
slack_variable_of_versicolor: 0.0,0.0,0.39361729,0.39572399,0.0,0.0,0.0,0.0,0.0,0.0,0.0,0.0,0.0,0.0,0.0,0.34202282,0.0,0.0,0.0,0.09950239,0.24247419,0.0,0.0,0.0,0.23546887,0.0,0.0,0.23546887,0.38755269,0.0,0.0,1.54080667,0.01476278,0.0,0.0,0.17744219,0.0,0.0,0.0,0.0,0.0,1.59051154,0.0,1.02452685,1.48769021,1.87286484,1.24523295,0.51913547,0.01461228,0.31092619,1.85754589,1.23173226,0.3305415,0.6219568,1.3333876,1.64304672,1.07042433,1.58071432,1.23253064,0.71933556,0.15277777,0.11635992,0.87864997,0.53781007,1.15838662,2.27259297,1.76594328,0.099925,1.31573666,0.41200842,0.20363702,1.28259151,0.62058531,0.0,0.68488209,1.17940257,1.10109516,1.24654127,0.73883768,0.98636991,0.0,1.10757404,0.30186083,1.46122943,0.49794092,0.0,0.75639296,0.0,1.44383291,2.43058255,0.0,0.87379803,1.25196624,0.97240594,0.0,0.43798942,0.75776445,0.5000674,0.92001309,0.88361502,1.06030507,0.0,0.81192554,1.25361303,2.17968532,0.12489548,0.0,0.61342117,0.47182086,0.00037301,0.0,0.0,1.22477361,0.0,0.0,0.0,1.30877801,0.32520876,0.0,0.73025313
w_of_virginica: -0.20245905,-0.43802891,1.81655219,1.63803426
b_of_virginica: -9.09180839
support_vector_indices_of_virginica: 43,46,48,50,52,56,57,58,63,64,65,66,71,80,89,91,93,96,97,103,104,108,112,116,117,119
slack_variable_of_virginica: 0.0,0.0,0.0,0.0,0.0,0.0,0.0,0.0,0.0,0.0,0.0,0.0,0.0,0.0,0.0,0.0,0.0,0.0,0.0,0.0,0.0,0.0,0.0,0.0,0.0,0.0,0.0,0.0,0.0,0.0,0.0,0.0,0.0,0.0,0.0,0.0,0.0,0.0,0.0,0.0,0.0,0.0,0.0,0.23395086,0.0,0.0,0.09187048,0.0,0.32081817,0.0,0.97990292,0.0,0.89578447,0.0,0.0,0.0,0.31768763,1.10504847,0.05468975,0.0,0.0,0.0,0.0,1.39603027,0.13236229,0.0,0.18867307,0.0,0.0,0.0,0.0,0.00849275,0.0,0.0,0.0,0.0,0.0,0.0,0.0,0.0,0.269,0.0,0.0,0.0,0.0,0.0,0.0,0.0,0.0,0.73041392,0.0,0.27488574,0.0,0.70041103,0.0,0.0,0.90562324,0.79132789,0.0,0.0,0.0,0.0,0.0,0.87231376,0.0,0.0,0.0,0.0,0.95273721,0.0,0.0,0.0,0.07206764,0.0,0.0,0.0,0.2673466,0.0,0.0,0.38752564
----- SVM with slack variable C=0.6-----
training error: 0.05
testing_error: 0.1
w_of_setosa: -0.03744979,0.44244961,-0.85469838,-0.38839746
b_of_setosa: 1.37837615
support_vector_indices_of_setosa: 73,78,13,31
slack_variable_of_setosa: 0.0,0.0,0.0,0.0,0.0,0.0,0.0,0.0,0.0,0.0,0.0,0.0,0.0,0.0,0.0,0.0,0.0,0.0,0.0,0.0,0.0,0.0,0.0,0.0,0.0,0.0,0.0,0.0,0.0,0.0,0.0,0.00014094,0.0,0.0,0.0,0.0,0.0,0.0,0.0,0.0,0.0,0.0,0.0,0.0,0.0,0.0,0.0,0.0,0.0,0.0,0.0,0.0,0.0,0.0,0.0,0.0,0.0,0.0,0.0,0.0,0.0,0.0,0.0,0.0,0.0,0.0,0.0,0.0,0.0,0.0,0.0,0.0,0.0,0.0,0.0,0.0,0.0,0.0,0.3021739,0.0,0.0,0.0,0.0,0.0,0.0,0.0,0.0,0.0,0.0,0.0,0.0,0.0,0.0,0.0,0.0,0.0,0.0,0.0,0.0,0.0,0.0,0.0,0.0,0.0,0.0,0.0,0.0,0.0,0.0,0.0,0.0,0.0,0.0,0.0,0.0,0.0,0.0,0.0,0.0,0.0
w_of_versicolor: -0.42429989,-1.85058239,0.79975602,-1.26926508
b_of_versicolor: 6.00763093
support_vector_indices_of_versicolor: 2,3,15,19,20,24,27,28,31,32,35,37,81,82,83,84,86,88,89,91,92,93,95,96,97,98,99,100,102,103,104,105,107,108,112,113,116,117,119,41,43,44,45,46,47,48,49,50,51,52,53,54,55,56,57,58,59,60,61,62,63,64,65,66,67,68,69,70,71,72,73,74,75,76,77,78,79
slack_variable_of_versicolor: 0.0,0.0,0.41197623,0.38419936,0.0,0.0,0.0,0.0,0.0,0.0,0.0,0.0,0.0,0.0,0.0,0.36014094,0.0,0.0,0.0,0.11731443,0.25994268,0.0,0.0,0.0,0.2644636,0.0,0.0,0.2644636,0.37479407,0.0,0.0,1.50084525,0.00467759,0.0,0.0,0.15812321,0.0,0.0,0.0,0.0,0.0,1.59240791,0.0,0.96540514,1.5060603,1.83002835,1.22519114,0.44014627,0.0,0.27204753,1.86345031,1.2132496,0.27700746,0.52649388,1.285671,1.60254012,0.99738122,1.54589603,1.20985286,0.69251165,0.1245349,0.07758399,0.85395049,0.48680928,1.14033117,2.26207056,1.71702805,0.05291598,1.29124053,0.40349495,0.14172428,1.23043898,0.58891665,0.00027822,0.65609022,1.12676841,1.06863668,1.20081102,0.779678,0.96355404,0.0,1.12264245,0.30384596,1.42291553,0.3975804,0.0,0.81191545,0.0,1.52801443,2.48543282,0.0,0.8301952,1.37872627,0.97209654,0.0,0.54466706,0.74949268,0.5017818,0.923658,1.00868535,1.15308913,0.0,0.79673149,1.32776902,2.30955,0.14797666,0.0,0.6692872,0.46423618,0.0,0.0,0.0,1.21727117,0.0,0.0,0.0,1.29526211,0.31813563,0.0,0.74659298
w_of_virginica: -0.30944072,-0.46272328,1.8243384,1.73196877
b_of_virginica: -8.55071999
support_vector_indices_of_virginica: 43,46,48,50,52,56,57,58,63,64,65,66,80,89,91,93,96,97,103,104,108,112,116,117,119
slack_variable_of_virginica: 0.0,0.0,0.0,0.0,0.0,0.0,0.0,0.0,0.0,0.0,0.0,0.0,0.0,0.0,0.0,0.0,0.0,0.0,0.0,0.0,0.0,0.0,0.0,0.0,0.0,0.0,0.0,0.0,0.0,0.0,0.0,0.0,0.0,0.0,0.0,0.0,0.0,0.0,0.0,0.0,0.0,0.0,0.0,0.2189409,0.0,0.0,0.13571812,0.0,0.32023232,0.0,1.0172334,0.0,0.88020662,0.0,0.0,0.0,0.23103856,1.05389629,0.05821416,0.0,0.0,0.0,0.0,1.41855874,0.19760626,4.94e-05,0.11392869,0.0,0.0,0.0,0.0,0.0,0.0,0.0,0.0,0.0,0.0,0.0,0.0,0.0,0.27473575,0.0,0.0,0.0,0.0,0.0,0.0,0.0,0.0,0.70571034,0.0,0.17601747,0.0,0.6927474,0.0,0.0,0.8905095,0.76967624,0.0,0.0,0.0,0.0,0.0,0.89374268,0.00033756,0.0,0.0,0.0,0.92116601,0.0,0.0,0.0,0.0,0.0,0.0,0.0,0.24457203,0.0,0.0,0.34292042
----- SVM with slack variable C=0.7-----
training error: 0.05
testing_error: 0.1
w_of_setosa: -0.04307697,0.48820506,-0.93871798,-0.43435899
b_of_setosa: 1.42161509
support_vector_indices_of_setosa: 78,13,31
slack_variable_of_setosa: 0.0,0.0,0.0,0.0,0.0,0.0,0.0,0.0,0.0,0.0,0.0,0.0,0.0,8.1e-07,0.0,0.0,0.0,0.0,0.0,0.0,0.0,0.0,0.0,0.0,0.0,0.0,0.0,0.0,0.0,0.0,0.0,7e-07,0.0,0.0,0.0,0.0,0.0,0.0,0.0,0.0,0.0,0.0,0.0,0.0,0.0,0.0,0.0,0.0,0.0,0.0,0.0,0.0,0.0,0.0,0.0,0.0,0.0,0.0,0.0,0.0,0.0,0.0,0.0,0.0,0.0,0.0,0.0,0.0,0.0,0.0,0.0,0.0,0.0,0.0,0.0,0.0,0.0,0.0,0.12848638,0.0,0.0,0.0,0.0,0.0,0.0,0.0,0.0,0.0,0.0,0.0,0.0,0.0,0.0,0.0,0.0,0.0,0.0,0.0,0.0,0.0,0.0,0.0,0.0,0.0,0.0,0.0,0.0,0.0,0.0,0.0,0.0,0.0,0.0,0.0,0.0,0.0,0.0,0.0,0.0,0.0
w_of_versicolor: -0.39293791,-1.9218171,0.84620772,-1.47414042
b_of_versicolor: 6.06715976
support_vector_indices_of_versicolor: 2,3,15,19,20,24,27,28,31,35,37,81,82,83,84,86,88,89,91,92,93,95,96,97,98,99,100,102,103,104,105,107,108,112,116,117,119,41,43,44,45,46,47,48,49,50,51,52,53,54,55,56,57,58,59,60,61,62,63,64,65,66,67,68,69,70,71,72,73,74,75,76,77,78,79
slack_variable_of_versicolor: 0.0,0.0,0.45288328,0.39548991,0.0,0.0,0.0,0.0,0.0,0.0,0.0,0.0,0.0,0.0,0.0,0.3961232,0.0,0.0,0.0,0.12964115,0.28252907,0.0,0.0,0.0,0.30602855,0.0,0.0,0.30602855,0.37802363,0.0,0.0,1.53658776,0.0,0.0,0.0,0.15805519,0.0,0.0,0.0,0.0,0.0,1.67376338,0.0,0.98965135,1.57659685,1.86363983,1.30201969,0.40547503,0.00032876,0.25917961,1.99264429,1.242401,0.27768459,0.50264156,1.29860177,1.63216433,0.9879054,1.60597561,1.26701315,0.68172416,0.11232488,0.04953161,0.86954465,0.52233913,1.22343211,2.37533573,1.75719156,0.02159695,1.3456747,0.43009313,0.13637771,1.26645383,0.59274217,0.0,0.6845088,1.15293367,1.10816601,1.22001419,0.82429761,1.00060507,0.0,1.04748512,0.18817829,1.30562872,0.18475441,0.0,0.74830179,0.0,1.49312374,2.50136268,0.0,0.68375661,1.3817609,0.89570987,0.0,0.5119857,0.65820117,0.39775232,0.81433765,1.02193565,1.13933168,0.0,0.66692361,1.31501183,2.34848073,0.04743072,0.0,0.59541387,0.35242534,0.0,0.0,0.0,1.11400632,0.0,0.0,0.0,1.21728002,0.19961139,0.0,0.64558145
w_of_virginica: -0.34650663,-0.40290808,1.90192497,1.77461362
b_of_virginica: -8.97370076
support_vector_indices_of_virginica: 43,46,48,50,52,56,57,58,63,64,66,80,89,91,93,96,97,103,104,108,112,116,119
slack_variable_of_virginica: 0.0,0.0,0.0,0.0,0.0,0.0,0.0,0.0,0.0,0.0,0.0,0.0,0.0,0.0,0.0,0.0,0.0,0.0,0.0,0.0,0.0,0.0,0.0,0.0,0.0,0.0,0.0,0.0,0.0,0.0,0.0,0.0,0.0,0.0,0.0,0.0,0.0,0.0,0.0,0.0,0.0,0.0,0.0,0.16768181,0.0,0.0,0.09772068,0.0,0.21214317,0.0,1.01614865,0.0,0.81739007,0.0,0.0,0.0,0.15561047,1.0224486,0.0,0.0,0.0,0.0,0.0,1.3986068,0.167022,0.0,0.05665758,0.0,0.0,0.0,0.0,0.0,0.0,0.0,0.0,0.0,0.0,0.0,0.0,0.0,0.26625511,0.0,0.0,0.0,0.0,0.0,0.0,0.0,0.0,0.76759302,0.0,0.17362091,0.0,0.73080746,0.0,0.0,0.9266401,0.78237856,0.0,0.0,0.0,0.0,0.0,0.92309736,0.0,0.0,0.0,0.0,0.9379204,0.0,0.0,0.0,0.0,0.0,0.0,0.0,0.28257199,0.0,0.0,0.33269224
----- SVM with slack variable C=0.8-----
training error: 0.05
testing_error: 0.1
w_of_setosa: -0.04575352,0.52216766,-1.00294058,-0.46406882
b_of_setosa: 1.44746413
support_vector_indices_of_setosa: 78,13,31
slack_variable_of_setosa: 0.0,0.0,0.0,0.0,0.0,0.0,0.0,0.0,0.0,0.0,0.0,0.0,0.0,0.0,0.0,0.0,0.0,0.0,0.0,0.0,0.0,0.0,0.0,0.0,0.0,0.0,0.0,0.0,0.0,0.0,0.0,0.00048452,0.0,0.0,0.0,0.0,0.0,0.0,0.0,0.0,0.0,0.0,0.0,0.0,0.0,0.0,0.0,0.0,0.0,0.0,0.0,0.0,0.0,0.0,0.0,0.0,0.0,0.0,0.0,0.0,0.0,0.0,0.0,0.0,0.0,0.0,0.0,0.0,0.0,0.0,0.0,0.0,0.0,0.0,0.0,0.0,0.0,0.0,0.00024286,0.0,0.0,0.0,0.0,0.0,0.0,0.0,0.0,0.0,0.0,0.0,0.0,0.0,0.0,0.0,0.0,0.0,0.0,0.0,0.0,0.0,0.0,0.0,0.0,0.0,0.0,0.0,0.0,0.0,0.0,0.0,0.0,0.0,0.0,0.0,0.0,0.0,0.0,0.0,0.0,0.0
w_of_versicolor: -0.39956905,-1.94062457,0.90656939,-1.62396773
b_of_versicolor: 6.10332224
support_vector_indices_of_versicolor: 2,3,15,19,20,24,27,28,31,35,37,81,82,83,84,86,88,89,91,92,93,95,96,97,98,99,100,102,103,104,105,107,108,112,116,117,119,41,43,44,45,46,47,48,49,50,51,52,53,54,55,56,57,58,59,60,61,62,63,64,65,66,67,68,69,70,71,72,74,75,76,77,78,79
slack_variable_of_versicolor: 0.0,0.0,0.47031744,0.39813115,0.0,0.0,0.0,0.0,0.0,0.0,0.0,0.0,0.0,0.0,0.0,0.40932073,0.0,0.0,0.0,0.14106653,0.29517208,0.0,0.0,0.0,0.32695501,0.0,0.0,0.32695501,0.37709135,0.0,0.0,1.53317487,0.0,0.0,0.0,0.14552389,0.0,0.0,0.0,0.0,0.0,1.70436905,0.0,0.97453894,1.60958397,1.8743761,1.31252752,0.36089785,0.0,0.23656978,2.03574265,1.25267828,0.25928582,0.45568294,1.29464064,1.64035674,0.96951788,1.62356233,1.27829268,0.67082012,0.09320735,0.02146752,0.86700527,0.50862291,1.23261371,2.41100174,1.76480206,0.0,1.35036173,0.43074948,0.09978741,1.25925833,0.58228588,0.0,0.67751742,1.13726492,1.10559924,1.21472683,0.8526977,1.00219372,0.0,1.02567303,0.14017837,1.25912869,0.07805426,0.0,0.7472394,0.0,1.50121965,2.53342921,0.0,0.62624129,1.41897118,0.86539895,0.0,0.53270085,0.62063646,0.36312539,0.77878784,1.06430543,1.15729703,0.0,0.61639107,1.33984069,2.42356088,0.0,0.0,0.59313385,0.31242536,0.0,0.0,0.0,1.08410058,0.0,0.0,0.0,1.18178403,0.15047504,0.0,0.62435308
w_of_virginica: -0.37786207,-0.39634004,1.92351719,1.97587682
b_of_virginica: -9.20268921
support_vector_indices_of_virginica: 43,46,48,50,52,56,57,58,63,64,65,66,80,89,91,93,96,97,103,104,108,116,119
slack_variable_of_virginica: 0.0,0.0,0.0,0.0,0.0,0.0,0.0,0.0,0.0,0.0,0.0,0.0,0.0,0.0,0.0,0.0,0.0,0.0,0.0,0.0,0.0,0.0,0.0,0.0,0.0,0.0,0.0,0.0,0.0,0.0,0.0,0.0,0.0,0.0,0.0,0.0,0.0,0.0,0.0,0.0,0.0,0.0,0.0,0.14972436,0.0,0.0,0.11190564,0.0,0.20226043,0.0,1.08909721,0.0,0.81497908,0.0,0.0,0.0,0.11720663,1.05319131,0.00039481,0.0,0.0,0.0,0.0,1.43136082,0.18747805,0.0,0.04132679,0.0,0.0,0.0,0.0,0.0,0.0,0.0,0.0,0.0,0.0,0.0,0.0,0.0,0.16538951,0.0,0.0,0.0,0.0,0.0,0.0,0.0,0.0,0.76040856,0.0,0.05148107,0.0,0.67152588,0.0,0.0,0.8657254,0.71485548,0.0,0.0,0.0,0.0,0.0,0.91921949,0.00020816,0.0,0.0,0.0,0.86942099,0.0,0.0,0.0,0.0,0.0,0.0,0.0,0.20231847,0.0,0.0,0.25457963
----- SVM with slack variable C=0.9-----
training error: 0.05
testing_error: 0.06666666666666667
w_of_setosa: -0.04575352,0.52216766,-1.00294058,-0.46406882
b_of_setosa: 1.44746413
support_vector_indices_of_setosa: 78,13,31
slack_variable_of_setosa: 0.0,0.0,0.0,0.0,0.0,0.0,0.0,0.0,0.0,0.0,0.0,0.0,0.0,0.0,0.0,0.0,0.0,0.0,0.0,0.0,0.0,0.0,0.0,0.0,0.0,0.0,0.0,0.0,0.0,0.0,0.0,0.00048452,0.0,0.0,0.0,0.0,0.0,0.0,0.0,0.0,0.0,0.0,0.0,0.0,0.0,0.0,0.0,0.0,0.0,0.0,0.0,0.0,0.0,0.0,0.0,0.0,0.0,0.0,0.0,0.0,0.0,0.0,0.0,0.0,0.0,0.0,0.0,0.0,0.0,0.0,0.0,0.0,0.0,0.0,0.0,0.0,0.0,0.0,0.00024286,0.0,0.0,0.0,0.0,0.0,0.0,0.0,0.0,0.0,0.0,0.0,0.0,0.0,0.0,0.0,0.0,0.0,0.0,0.0,0.0,0.0,0.0,0.0,0.0,0.0,0.0,0.0,0.0,0.0,0.0,0.0,0.0,0.0,0.0,0.0,0.0,0.0,0.0,0.0,0.0,0.0
w_of_versicolor: -0.38247919,-1.9420894,0.93032085,-1.70249287
b_of_versicolor: 6.011815
support_vector_indices_of_versicolor: 2,3,14,15,19,20,24,27,28,31,35,37,81,82,83,84,86,88,89,91,92,93,95,96,97,98,99,100,102,103,104,105,107,108,112,116,117,119,41,43,44,45,46,47,48,49,50,51,52,53,54,55,56,57,58,59,60,61,62,63,64,65,66,68,69,70,71,72,73,74,75,76,77,78,79
slack_variable_of_versicolor: 0.0,0.0,0.48184659,0.39398993,0.0,0.0,0.0,0.0,0.0,0.0,0.0,0.0,0.0,0.0,0.0,0.42116563,0.0,0.0,0.0,0.14749151,0.30345253,0.0,0.0,0.0,0.34242182,0.0,0.0,0.34242182,0.3715569,0.0,0.0,1.52252227,0.0,0.0,0.0,0.14134802,0.0,0.0,0.0,0.0,0.0,1.71747216,0.0,0.96434935,1.6262134,1.861351,1.32363215,0.33838307,0.0,0.22978281,2.05844539,1.25111572,0.24819455,0.42964184,1.28097216,1.62889414,0.94484376,1.61969741,1.28241489,0.66411872,0.09035804,0.01314084,0.86494582,0.50605378,1.24713631,2.42370887,1.75250403,0.0,1.35526191,0.43900138,0.0908327,1.25159037,0.57770479,0.0,0.67960301,1.13022846,1.10626881,1.20447632,0.87583198,1.00509195,0.0,1.01627085,0.12621795,1.22307862,0.01423882,0.0,0.75170957,0.0,1.52077305,2.54220812,0.0,0.58566764,1.45703886,0.85263972,0.0,0.56071668,0.60364661,0.34650874,0.76065959,1.10356896,1.1838394,0.0,0.5904103,1.35524281,2.45556623,0.0,0.0,0.59574855,0.29172457,0.0,0.0,0.0,1.05969419,0.0,0.0,0.0,1.16384039,0.13211474,0.0,0.60906874
w_of_virginica: -0.36913783,-0.39060094,1.99910644,2.15489786
b_of_virginica: -9.9443966
support_vector_indices_of_virginica: 43,46,48,50,52,56,57,63,64,66,80,89,91,93,96,97,103,104,108,116,119
slack_variable_of_virginica: 0.0,0.0,0.0,0.0,0.0,0.0,0.0,0.0,0.0,0.0,0.0,0.0,0.0,0.0,0.0,0.0,0.0,0.0,0.0,0.0,0.0,0.0,0.0,0.0,0.0,0.0,0.0,0.0,0.0,0.0,0.0,0.0,0.0,0.0,0.0,0.0,0.0,0.0,0.0,0.0,0.0,0.0,0.0,0.0837772,0.0,0.0,0.04495452,0.0,0.13595257,0.0,1.10229428,0.0,0.78150108,0.0,0.0,0.0,0.06435146,1.0694357,0.0,0.0,0.0,0.0,0.0,1.42943332,0.11878209,0.0,0.0,0.0,0.0,0.0,0.0,0.0,0.0,0.0,0.0,0.0,0.0,0.0,0.0,0.0,0.08847692,0.0,0.0,0.0,0.0,0.0,0.0,0.0,0.0,0.79066664,0.0,0.0,0.0,0.65014974,0.0,0.0,0.8522067,0.69350246,0.0,0.0,0.0,0.0,0.0,0.93585791,0.0,0.0,0.0,0.0,0.85649932,0.0,0.0,0.0,0.0,0.0,0.0,0.0,0.15662913,0.0,0.0,0.21985361
----- SVM with slack variable C=1.0-----
training error: 0.05
testing_error: 0.06666666666666667
w_of_setosa: -0.04575352,0.52216766,-1.00294058,-0.46406882
b_of_setosa: 1.44746413
support_vector_indices_of_setosa: 78,13,31
slack_variable_of_setosa: 0.0,0.0,0.0,0.0,0.0,0.0,0.0,0.0,0.0,0.0,0.0,0.0,0.0,0.0,0.0,0.0,0.0,0.0,0.0,0.0,0.0,0.0,0.0,0.0,0.0,0.0,0.0,0.0,0.0,0.0,0.0,0.00048452,0.0,0.0,0.0,0.0,0.0,0.0,0.0,0.0,0.0,0.0,0.0,0.0,0.0,0.0,0.0,0.0,0.0,0.0,0.0,0.0,0.0,0.0,0.0,0.0,0.0,0.0,0.0,0.0,0.0,0.0,0.0,0.0,0.0,0.0,0.0,0.0,0.0,0.0,0.0,0.0,0.0,0.0,0.0,0.0,0.0,0.0,0.00024286,0.0,0.0,0.0,0.0,0.0,0.0,0.0,0.0,0.0,0.0,0.0,0.0,0.0,0.0,0.0,0.0,0.0,0.0,0.0,0.0,0.0,0.0,0.0,0.0,0.0,0.0,0.0,0.0,0.0,0.0,0.0,0.0,0.0,0.0,0.0,0.0,0.0,0.0,0.0,0.0,0.0
w_of_versicolor: -0.41005815,-1.93070164,0.98697512,-1.77542705
b_of_versicolor: 6.01219978
support_vector_indices_of_versicolor: 2,3,14,15,19,20,24,27,28,31,35,81,82,83,84,86,88,89,91,92,93,95,96,97,98,99,100,102,103,104,105,107,108,112,116,117,119,41,43,44,45,46,47,48,49,50,51,52,53,54,55,56,57,58,59,60,61,62,63,64,65,66,68,69,70,71,72,74,75,76,77,78,79
slack_variable_of_versicolor: 0.0,0.0,0.45603818,0.36497472,0.0,0.0,0.0,0.0,0.0,0.0,0.0,0.0,0.0,0.0,0.0,0.39387887,0.0,0.0,0.0,0.13075598,0.28282033,0.0,0.0,0.0,0.32065971,0.0,0.0,0.32065971,0.34382122,0.0,0.0,1.47676385,0.0,0.0,0.0,0.10095277,0.0,0.0,0.0,0.0,0.0,1.71709332,0.0,0.93500452,1.63810537,1.86327228,1.29798334,0.307861,0.0,0.21464677,2.04367669,1.25527424,0.22488318,0.38684895,1.27526931,1.6291963,0.93027755,1.61064516,1.26893644,0.66597009,0.0792683,0.00042311,0.86034143,0.46815374,1.21597171,2.41182996,1.74472245,0.0,1.33768798,0.43002885,0.05076626,1.2267722,0.56857376,0.0,0.65977997,1.10245358,1.08692612,1.19325768,0.8978953,0.99255346,0.0,1.03258991,0.13166577,1.2321357,0.00044609,0.0,0.78731133,0.0,1.56157385,2.57604227,0.0,0.59523351,1.51066661,0.85634838,0.0,0.60761785,0.60558652,0.35914952,0.78052687,1.15144857,1.21904169,0.0,0.60298417,1.39330135,2.53248358,0.0,0.0,0.63524698,0.30145782,0.0,0.0,0.0,1.08122978,0.0,0.0,0.0,1.16364352,0.13613338,0.0,0.63855617
w_of_virginica: -0.3422213,-0.33965223,2.05241343,2.22340404
b_of_virginica: -10.63575393
support_vector_indices_of_virginica: 43,46,48,50,52,56,57,63,64,66,80,89,91,93,96,97,103,104,108,116,119
slack_variable_of_virginica: 0.0,0.0,0.0,0.0,0.0,0.0,0.0,0.0,0.0,0.0,0.0,0.0,0.0,0.0,0.0,0.0,0.0,0.0,0.0,0.0,0.0,0.0,0.0,0.0,0.0,0.0,0.0,0.0,0.0,0.0,0.0,0.0,0.0,0.0,0.0,0.0,0.0,0.0,0.0,0.0,0.0,0.0,0.0,0.05081345,0.0,0.0,0.0,0.0,0.06620559,0.0,1.111965,0.0,0.75105317,0.0,0.0,0.0,0.0504651,1.09426068,0.0,0.0,0.0,0.0,0.0,1.4186122,0.06826085,0.0,0.0,0.0,0.0,0.0,0.0,0.0,0.0,0.0,0.0,0.0,0.0,0.0,0.0,0.0,0.03296295,0.0,0.0,0.0,0.0,0.0,0.0,0.0,0.0,0.83914343,0.0,0.0,0.0,0.64985607,0.0,0.0,0.8548405,0.68330747,0.0,0.0,0.0,0.0,0.0,0.94035981,0.00011879,0.0,0.0,0.0,0.85432669,0.0,0.0,0.0,0.0,0.0,0.0,0.0,0.15434387,0.0,0.0,0.20438053
